essay	genotype	pot	k.eq.07	B.eq.07	ks	Bs	tm
EC	100_14	1	0.134	997.739	0.193806506	820.617402	5.172740153
EC	100_30	2	0.114	910.691	0.161435521	741.2687478	6.080238426
EC	101_2	3	0.061	1217.879	0.098063177	852.6032773	11.36306853
EC	101_21	4	0.252	794.107	0.257589408	792.4504824	2.75058405
EC	101_24	5	0.251	740.277	0.257814828	736.1052802	2.761542552
EC	101_3	6	0.11	908.416	0.135417152	800.9468265	6.301338005
EC	101_30	7	0.279	736.352	0.290101482	729.1164815	2.484398497
EC	101_31	8	0.135	698.193	0.161099088	637.1118895	5.13442356
EC	101_39	9	0.051	1036.999	0.109593711	587.4628378	13.59112119
EC	102_18	10	0.373	606.693	0.411569028	590.4626769	1.858303433
EC	102_20	11	0.22	876.966	0.265471686	817.2478664	3.150669003
EC	102_21	12	0.191	794.433	0.205878601	771.0406488	3.62904283
EC	102_25	13	0.213	597.547	0.230107557	579.4729943	3.254212115
EC	102_4	14	0.212	899.518	0.232389149	870.0913131	3.269562172
EC	104_16	15	0.266	771.656	0.305870657	736.2483505	2.605816468
EC	104_18	16	0.121	942.664	0.153771552	820.9329897	5.728489096
EC	104_19	17	0.27	781.814	0.30738664	748.5304206	2.56721178
EC	108_TEMP_16	18	0.255	859.172	0.263220324	853.4291162	2.718224237
EC	111_13	19	0.157	794.545	0.16283705	788.9592215	4.414950195
EC	114_13	20	0.25	710.411	0.275201148	684.2127771	2.772588722
EC	114_15	21	0.231	871.029	0.281163356	806.5951955	3.000637145
EC	114_9	22	0.228	722.485	0.236576192	715.3020965	3.040119213
EC	116_TEMP_15	23	0.116	989.473	0.166269969	804.1733219	5.975406729
EC	116_TEMP_28	24	0.286	723.498	0.291303653	721.7110185	2.42359154
EC	116_TEMP_6	25	0.254	702.016	0.250250779	709.3262026	2.728925908
EC	117_18	26	0.147	798.904	0.224229634	642.3072979	4.715286943
EC	117_2	27	0.227	832.028	0.264616194	785.0412963	3.053511809
EC	117_23	28	0.16	833.67	0.177574298	795.7518147	4.332169878
EC	117_6	29	0.152	699.887	0.177027222	647.6645711	4.560178819
EC	117_9	30	0.135	850.106	0.216053108	660.815163	5.13442356
EC	118_1	31	0.335	641.61	0.349797298	634.1468318	2.069096061
EC	118_19	32	0.134	786.756	0.131169442	802.5428131	5.172740153
EC	118_23	33	0.14	837.998	0.194975899	708.4137203	4.95105129
EC	118_26	34	0.055	1067.072	0.079400938	810.3375	12.60267601
EC	118_6	35	0.269	634.219	0.273467227	632.4655312	2.576755318
EC	124_1	36	0.267	729.526	0.28460951	715.9848125	2.596056856
EC	124_15	37	0.21	891.349	0.219998558	881.1147558	3.30070086
EC	124_19	38	0.099	879.75	0.152914227	672.3684828	7.001486672
EC	124_26	39	0.152	798.714	0.192320881	708.6636988	4.560178819
EC	124_31	40	0.229	646.12	0.244810268	631.5762262	3.026843583
EC	124_39	41	0.267	703.644	0.273044112	699.2192439	2.596056856
EC	1248_5	42	0.307	598.705	0.314698766	594.467788	2.257808406
EC	127_9	43	0.121	856.401	0.109192611	900.4212323	5.728489096
EC	130_6	44	0.195	637.996	0.206038903	624.6572673	3.554600926
EC	133_TARD_1	45	0.122	934.542	0.181757093	748.3522609	5.681534267
EC	133_TARD_2	46	0.19	743.635	0.208299147	715.7455977	3.648143056
EC	133_TARD_21	47	0.111	1014.564	0.155603106	827.9699068	6.244569194
EC	133_TARD_31	48	0.068	1123.45	0.116096409	764.5118483	10.19334089
EC	133_TARD_32	49	0.115	815.313	0.155451128	675.2141352	6.027366787
EC	133_TARD_38	50	0.094	734.352	0.127886399	603.4517921	7.373906176
EC	136_TARD_13	51	0.2	948.693	0.214929522	925.3062037	3.465735903
EC	136_TARD_4	52	0.27	835.906	0.271079293	839.5054633	2.56721178
EC	139_30	53	0.2	783.332	0.215213883	761.679596	3.465735903
EC	139_40	54	0.252	768.318	0.290600344	729.9088165	2.75058405
EC	5958_RSF_ipro	55	0.251	691.339	0.259318947	685.647845	2.761542552
EC	813_29	56	0.177	786.169	0.198282111	746.27756	3.916085766
EC	85_13	57	0.113	939.376	0.134035529	852.1493007	6.134045846
EC	85_2_8_19	58	0.282	707.207	0.30662099	687.689027	2.457968725
EC	85_2_8_20	59	0.1	768.826	0.186654034	529.4351536	6.931471806
EC	85_2_8_6	60	0.223	727.96	0.231354654	718.3838488	3.108283321
EC	85_24	61	0.199	756.552	0.227005055	718.379509	3.483151661
EC	97_TARD_3	62	0.154	728.687	0.195188502	644.7755668	4.500955718
EC	98_99_TARD_14	63	0.146	970.278	0.173782311	887.5252198	4.747583428
EC	98_99_TARD_19	64	0.244	480.43	0.247121779	478.83438	2.840767133
EC	LEO_1823_07	65	0.212	946.67	0.227470387	926.7078492	3.269562172
EC	NA_4990_RG	66	0.251	700.019	0.262684934	689.87668	2.761542552
EC	NA_5909_RG	67	0.263	663.606	0.267844392	661.0879362	2.63554061
EC	NA_6126_RG	68	0.169	874.811	0.196162771	817.7745639	4.101462607
EC	NS_6267	69	0.283	764.308	0.296595165	753.7925011	2.449283324
EC	SRM_5200	70	0.129	750.904	0.167924637	648.7832113	5.373233958
EC	SRM_6900	71	0.126	845.019	0.173908218	707.5261007	5.5011681
EC	testigo1	72	0.194	755.92	0.235356676	693.5232558	3.572923611
EC	testigo2	73	0.208	676.132	0.223442531	656.3550311	3.332438368
EC	testigo3	74	0.185	703.009	0.218122029	652.2478614	3.746741517
EC	testigo4	75	0.236	688.284	0.299888751	628.5736914	2.937064324
EC	testigo5	76	0.172	620.218	0.238750473	531.5443239	4.029925468
EC	YM10_34120	77	0.268	798.244	0.275598894	792.9647835	2.586370077
EC	YM10_36005	78	0.081	1056.255	0.137234255	749.5593902	8.5573726
