essay	pot	genotype	a	b	rsq	rsq.adj
E12	1	DM68	-735.853	1.307	0.815	0.722
E12	2	pl.1	-405.912	0.836	0.475	0.212
E12	3	pl.10	-509.539	1	0.784	0.676
E12	4	pl.100	-356.452	0.783	0.483	0.225
E12	5	pl.101	-262.191	0.677	0.81	0.716
E12	6	pl.102	-522.806	1.04	0.869	0.804
E12	7	pl.103	-518.374	0.958	0.919	0.879
E12	8	pl.104	-386.911	0.78	0.826	0.739
E12	9	pl.105	-545.569	1.07	0.647	0.471
E12	10	pl.106	-639.77	1.168	0.806	0.709
E12	11	pl.107	100.588	0.139	0.432	0.148
E12	12	pl.108	-550.456	1.102	0.557	0.336
E12	13	pl.109	-487.591	1.003	0.758	0.636
E12	14	pl.11	-537.153	1.054	0.803	0.705
E12	15	pl.110	-650.008	1.227	0.826	0.739
E12	16	pl.111	-432.811	0.86	0.796	0.695
E12	17	pl.112	-499.416	1.033	0.855	0.782
E12	18	pl.113	-569.039	1.059	0.925	0.887
E12	19	pl.114	-233.518	0.56	0.265	-0.102
E12	20	pl.115	-683.091	1.321	0.662	0.493
E12	21	pl.116	-478.906	0.909	0.886	0.828
E12	22	pl.117	390.558	-0.337	0.177	-0.235
E12	23	pl.118	-397.991	0.847	0.784	0.676
E12	24	pl.119	-588.433	1.166	0.635	0.453
E12	25	pl.12	-354.323	0.747	0.703	0.554
E12	26	pl.120	-254.343	0.603	0.27	-0.096
E12	27	pl.121	-481.883	0.89	0.918	0.877
E12	28	pl.122	-419.911	0.878	0.535	0.302
E12	29	pl.124	-1181.694	1.896	0.122	-0.317
E12	30	pl.125	-770.199	1.444	0.908	0.862
E12	31	pl.126	-570.492	1.104	0.547	0.32
E12	32	pl.127	-515.482	1.003	0.737	0.605
E12	33	pl.128	-525.286	1.057	0.668	0.502
E12	34	pl.130	-428.828	0.888	0.877	0.815
E12	35	pl.131	-588.546	1.138	0.755	0.633
E12	36	pl.132	-581.884	1.151	0.685	0.528
E12	37	pl.133	-589.842	1.082	0.776	0.664
E12	38	pl.134	-545.457	1.05	0.933	0.9
E12	39	pl.135	-460.599	0.914	0.842	0.762
E12	40	pl.136	-659.844	1.281	0.648	0.472
E12	41	pl.137	-373.982	0.812	0.717	0.575
E12	42	pl.138	-387.139	0.825	0.603	0.404
E12	43	pl.139	-235.917	0.576	0.334	0.001
E12	44	pl.14	-633.48	1.19	0.975	0.963
E12	45	pl.140	-659.571	1.203	0.745	0.618
E12	46	pl.141	-351.394	0.753	0.538	0.307
E12	47	pl.142	-534.851	1.086	0.597	0.395
E12	48	pl.143	-562.797	1.106	0.8	0.7
E12	49	pl.144	-108.125	0.424	0.476	0.214
E12	50	pl.145	-1697.485	2.479	0.668	0.502
E12	51	pl.146	-447.13	0.884	0.773	0.659
E12	52	pl.147	-367.281	0.789	0.643	0.465
E12	53	pl.148	-679.35	1.268	0.772	0.658
E12	54	pl.149	-409.404	0.829	0.811	0.716
E12	55	pl.15	-781.253	1.345	0.718	0.578
E12	56	pl.150	-650.293	1.19	0.638	0.457
E12	57	pl.151	-451.081	0.96	0.676	0.515
E12	58	pl.152	-198.129	0.533	0.8	0.7
E12	59	pl.153	-469.311	0.916	0.78	0.67
E12	60	pl.154	-346.461	0.733	0.546	0.318
E12	61	pl.155	-552.79	1.089	0.826	0.738
E12	62	pl.156	-602.072	1.183	0.634	0.45
E12	63	pl.157	-387.296	0.791	0.81	0.714
E12	64	pl.158	-565.702	1.072	0.859	0.789
E12	65	pl.159	-516.95	1.011	0.483	0.225
E12	66	pl.160	-799.05	1.408	0.819	0.729
E12	67	pl.161	-576.161	1.136	0.651	0.476
E12	68	pl.162	-507.474	0.99	0.727	0.591
E12	69	pl.163	-645.601	1.235	0.872	0.808
E12	70	pl.164	-579.572	1.069	0.806	0.709
E12	71	pl.165	-507.76	1.034	0.831	0.746
E12	72	pl.166	-449.68	0.909	0.973	0.959
E12	73	pl.167	-516.413	0.985	0.725	0.587
E12	74	pl.168	-731.285	1.378	0.819	0.728
E12	75	pl.169	-585.778	1.081	0.808	0.712
E12	76	pl.17	-486.935	0.974	0.821	0.731
E12	77	pl.170	-602.366	1.153	0.963	0.944
E12	78	pl.171	-300.852	0.701	0.376	0.064
E12	79	pl.172	-663.32	1.255	0.708	0.561
E12	80	pl.173	-545.857	1.1	0.468	0.202
E12	81	pl.174	-355.038	0.736	0.899	0.849
E12	82	pl.175	-353.521	0.758	0.584	0.376
E12	83	pl.176	-806.812	1.45	0.877	0.815
E12	84	pl.177	-588.989	1.181	0.743	0.615
E12	85	pl.178	-448.979	0.889	0.767	0.65
E12	86	pl.179	-527.984	1.057	0.693	0.54
E12	87	pl.18	-415.954	0.831	0.877	0.815
E12	88	pl.180	-489.932	0.91	0.636	0.454
E12	89	pl.181	-547.782	1.068	0.823	0.734
E12	90	pl.182	-503.031	0.989	0.992	0.988
E12	91	pl.183	-422.197	0.851	0.833	0.749
E12	92	pl.184	-746.911	1.344	0.847	0.771
E12	93	pl.185	-746.543	1.332	0.983	0.975
E12	94	pl.19	-600.301	1.17	0.754	0.631
E12	95	pl.2	-649.742	1.2	0.717	0.576
E12	96	pl.20	-451.826	0.913	0.587	0.38
E12	97	pl.21	-734.635	1.341	0.943	0.914
E12	98	pl.22	-368.087	0.748	0.651	0.477
E12	99	pl.23	-484.4	0.948	0.794	0.691
E12	100	pl.24	-627.343	1.204	0.919	0.879
E12	101	pl.25	-436.314	0.92	0.568	0.352
E12	102	pl.26	-798.197	1.43	0.745	0.617
E12	103	pl.27	-436.832	0.917	0.291	-0.064
E12	104	pl.28	-391.857	0.843	0.669	0.504
E12	105	pl.29	-607.187	1.163	0.744	0.615
E12	106	pl.3	-183.803	0.496	0.897	0.846
E12	107	pl.30	-671.225	1.162	0.562	0.344
E12	108	pl.31	-548.713	1.053	0.804	0.706
E12	109	pl.32	-499.815	1.005	0.796	0.694
E12	110	pl.33	-582.155	1.145	0.929	0.894
E12	111	pl.34	-653.484	1.245	0.738	0.607
E12	112	pl.35	-1011.881	1.712	0.847	0.77
E12	113	pl.36	-682.951	1.273	0.705	0.557
E12	114	pl.37	-500.539	0.962	0.979	0.969
E12	115	pl.38	-615.9	1.214	0.876	0.814
E12	116	pl.39	-329.596	0.769	0.399	0.098
E12	117	pl.4	-531.837	0.992	0.973	0.959
E12	118	pl.41	-282.139	0.656	0.313	-0.031
E12	119	pl.43	-719.07	1.333	0.956	0.935
E12	120	pl.44	-648.284	1.222	0.963	0.945
E12	121	pl.45	-527.805	1.063	0.645	0.468
E12	122	pl.46	-571.824	1.086	0.754	0.632
E12	123	pl.47	-568.245	1.141	0.635	0.452
E12	124	pl.48	-582.72	1.05	0.944	0.916
E12	125	pl.49	-598.064	1.157	0.673	0.51
E12	126	pl.5	-698.517	1.288	0.907	0.86
E12	127	pl.50	-392.096	0.765	0.823	0.735
E12	128	pl.51	-461.822	0.96	0.636	0.454
E12	129	pl.52	-476.633	0.978	0.647	0.471
E12	130	pl.53	-527.511	1.076	0.783	0.674
E12	131	pl.54	-408.826	0.811	0.864	0.797
E12	132	pl.55	-245.332	0.573	0.409	0.113
E12	133	pl.56	-517.191	0.991	0.85	0.776
E12	134	pl.57	-308.885	0.667	0.827	0.741
E12	135	pl.58	-418.544	0.86	0.782	0.673
E12	136	pl.59	-441.238	0.885	0.977	0.965
E12	137	pl.6	-538.128	1.097	0.778	0.667
E12	138	pl.60	-486.645	1	0.898	0.848
E12	139	pl.61	-493.953	1.011	0.541	0.312
E12	140	pl.62	-627.163	1.224	0.666	0.499
E12	141	pl.63	-121.964	0.353	0.479	0.219
E12	142	pl.64	-348.264	0.787	0.67	0.505
E12	143	pl.65	-384.601	0.874	0.435	0.152
E12	144	pl.66	-518.481	1.023	0.547	0.321
E12	145	pl.67	-519.293	0.962	0.738	0.608
E12	146	pl.68	-643.78	1.194	0.842	0.762
E12	147	pl.69	-259.259	0.618	0.476	0.214
E12	148	pl.7	-696.104	1.296	0.74	0.61
E12	149	pl.70	-503.185	0.986	0.716	0.574
E12	150	pl.71	-621.175	1.238	0.725	0.588
E12	151	pl.72	-365.921	0.753	0.632	0.448
E12	152	pl.73	-327.706	0.721	0.542	0.313
E12	153	pl.74	-150.555	0.453	0.142	-0.287
E12	154	pl.75	-314.963	0.7	0.472	0.209
E12	155	pl.76	-619.92	1.168	0.799	0.699
E12	156	pl.78	-398.422	0.84	0.605	0.408
E12	157	pl.79	-492.742	0.915	0.837	0.755
E12	158	pl.8	-343.618	0.703	0.877	0.816
E12	159	pl.80	-553.544	0.98	0.869	0.804
E12	160	pl.81	-505.772	1.029	0.737	0.605
E12	161	pl.82	-302.065	0.617	0.899	0.849
E12	162	pl.83	-404.353	0.869	0.862	0.792
E12	163	pl.85	-534.861	1.002	0.749	0.623
E12	164	pl.86	-441.526	0.955	0.704	0.556
E12	165	pl.87	-595.384	1.197	0.629	0.444
E12	166	pl.88	-554.344	1.143	0.593	0.389
E12	167	pl.89	-659.78	1.25	0.788	0.682
E12	168	pl.9	-340.684	0.727	0.774	0.661
E12	169	pl.90	-743.862	1.449	0.801	0.701
E12	170	pl.91	-580.297	1.122	0.605	0.407
E12	171	pl.92	-650.658	1.228	0.958	0.937
E12	172	pl.93	-496.304	0.991	0.981	0.971
E12	173	pl.94	-457.664	0.882	0.696	0.544
E12	174	pl.95	-529.442	0.982	0.907	0.86
E12	175	pl.96	-684.182	1.295	0.854	0.782
E12	176	pl.97	-549.646	1.114	0.827	0.74
E12	177	pl.98	-216.48	0.564	0.649	0.473
E12	178	pl.99	-622.672	1.219	0.887	0.831
E12	179	SO76557	-319.614	0.714	0.4	0.101
