datos.essay.1.	pot	lineas	k.eq.07	B.eq.07	ks	Bs
E12	1	DM68	0.193830511	194.465147	0.176554816	202.7008547
E12	2	pl.1	0.125136306	258.8511283	0.204796975	203.8588235
E12	3	pl.10	0.200642188	257.0720073	0.193370582	264.5765472
E12	4	pl.100	0.104811595	317.9635787	0.085972495	372.0019841
E12	5	pl.101	0.238099625	215.0217282	0.236773008	214.8795749
E12	6	pl.102	0.25909684	244.8665961	0.238238679	254.313151
E12	7	pl.103	0.123250739	234.1251075	0.121039344	241.0211268
E12	8	pl.104	0.234179308	214.7160247	0.226171296	215.8464052
E12	9	pl.105	0.113134909	318.9494742	0.124442876	307.3068783
E12	10	pl.106	0.123533302	266.4334456	0.122736063	267.4301242
E12	12	pl.108	0.153523785	265.6773865	0.139131944	284.0881643
E12	13	pl.109	0.22339666	249.7839509	0.162310493	291.587406
E12	14	pl.11	0.192860406	254.3143786	0.20756091	249.0883281
E12	15	pl.110	0.200766251	236.0096278	0.172792235	253.0009921
E12	16	pl.111	0.164688895	234.8379843	0.158325066	241.9201878
E12	17	pl.112	0.147915889	285.8310748	0.07623097	445.1707317
E12	18	pl.113	0.264984111	206.0944407	0.261992139	207.515
E12	19	pl.114	0.294866261	235.0479399	0.272316607	240.7553066
E12	20	pl.115	0.086540403	334.6197729	0.077306336	367.5024038
E12	21	pl.116	0.246845355	234.1396353	0.234472461	240.3265449
E12	23	pl.118	0.154507052	228.7830918	0.154420704	228.4033505
E12	24	pl.119	0.204082659	249.010809	0.206222816	248.7906051
E12	25	pl.12	0.258932506	218.2996241	0.265169176	217.5813172
E12	26	pl.120	0.11824213	278.0415239	0.106502409	301.2482759
E12	28	pl.122	0.199916179	240.4112789	0.187015735	248.7101449
E12	30	pl.125	0.235956963	243.5878082	0.225716928	248.9090909
E12	31	pl.126	0.1224105	272.4697985	0.100766037	313.5072464
E12	32	pl.127	0.157254281	236.0440783	0.141035171	256.8704188
E12	33	pl.128	0.212965048	257.4838565	0.206969944	264.1977612
E12	34	pl.130	0.094344267	290.0827071	0.093673362	294.4
E12	35	pl.131	0.135595786	271.1357344	0.155367151	254.4048165
E12	36	pl.132	0.192559377	263.903764	0.21609078	255.3223684
E12	37	pl.133	0.131076159	291.5494432	0.128399918	303.8245561
E12	38	pl.134	0.224150131	250.960904	0.233652328	249.4809783
E12	39	pl.135	0.240838147	217.9094952	0.230970225	219.3111285
E12	40	pl.136	0.223026257	245.5158116	0.247599676	236.6477273
E12	41	pl.137	0.192027936	225.7249023	0.207675681	220.6441281
E12	42	pl.138	0.138701985	274.9687988	0.141078577	278.2608696
E12	43	pl.139	0.24430547	235.3772433	0.225860647	243.7681159
E12	44	pl.14	0.074610314	395.8302894	0.06134854	469.8904494
E12	46	pl.141	0.2063597	223.9533153	0.209213475	224.0138889
E12	47	pl.142	0.180412135	267.6980692	0.178741557	272.1267606
E12	48	pl.143	0.234113315	247.1322852	0.230319568	250.4194215
E12	49	pl.144	0.19769105	204.7618053	0.190212744	207.8908898
E12	51	pl.146	0.239844681	231.0743116	0.241324578	232.1804775
E12	52	pl.147	0.065559002	391.9148413	0.050090094	492.9384615
E12	53	pl.148	0.141894629	253.8021395	0.108191627	303.8816667
E12	54	pl.149	0.27964817	219.0035836	0.247700734	227.0480501
E12	55	pl.15	0.194997897	208.2849904	0.185316607	213.4711538
E12	57	pl.151	0.166329275	250.7153105	0.14375489	270.9995551
E12	58	pl.152	0.198060459	258.0308037	0.169321722	278.8101352
E12	59	pl.153	0.08076526	373.8856462	0.074700531	408.4495413
E12	60	pl.154	0.150422495	262.6812248	0.150928309	265.3222477
E12	61	pl.155	0.163604651	272.0470599	0.169862513	273.4575569
E12	62	pl.156	0.191777874	256.7328703	0.176049254	270.0326087
E12	63	pl.157	0.211006001	207.7695789	0.204190284	211.8645833
E12	64	pl.158	0.14215722	261.1357758	0.125305205	284.7471751
E12	65	pl.159	0.123990214	240.7395885	0.123595539	244.8389262
E12	66	pl.160	0.145412732	239.8228077	0.142013198	245.7696783
E12	67	pl.161	0.281393006	235.2229301	0.278676086	239.0194582
E12	68	pl.162	0.235011036	235.8035687	0.228856139	240.5556358
E12	69	pl.163	0.124686986	293.0120117	0.12522059	296.3165761
E12	70	pl.164	0.16730934	248.8011832	0.183450797	241.3831418
E12	71	pl.165	0.211109778	251.7536289	0.21082246	254.9554381
E12	72	pl.166	0.087063545	336.0650303	0.096878736	318.0505187
E12	73	pl.167	0.171102328	236.4801217	0.153986287	250.6143868
E12	74	pl.168	0.106337065	311.9282665	0.103084497	324.0608108
E12	75	pl.169	0.12923957	275.6648611	0.116942248	299.1152695
E12	76	pl.17	0.260693808	246.2377594	0.24839207	250.8944724
E12	77	pl.170	0.136842422	283.2014067	0.144519463	280.1666667
E12	78	pl.171	0.174536388	260.2108855	0.172341614	265.0038023
E12	79	pl.172	0.135063084	274.6043136	0.125844207	288.6785942
E12	80	pl.173	0.107643047	287.95955	0.089979694	328.3520833
E12	81	pl.174	0.116978034	306.1695279	0.135201614	283.6818182
E12	82	pl.175	0.184183786	255.0359351	0.178947414	262.1313869
E12	83	pl.176	0.099938998	306.4407397	0.086246797	343.5918803
E12	84	pl.177	0.152216031	269.8338338	0.152887134	269.9513274
E12	85	pl.178	0.181859207	226.6705339	0.168976344	234.0707965
E12	86	pl.179	0.126246481	271.4784739	0.107290725	305.9211409
E12	87	pl.18	0.159146002	211.1884275	0.14165946	227.1308824
E12	88	pl.180	0.165600892	210.4395889	0.166039911	210.1818182
E12	89	pl.181	0.219255355	235.775176	0.221121483	237.1934251
E12	90	pl.182	0.291675968	234.395714	0.270372812	240.9554632
E12	91	pl.183	0.150417821	277.0553699	0.147344597	282.3761161
E12	92	pl.184	0.143834403	282.0148353	0.134657585	294.9746838
E12	93	pl.185	0.208267795	220.2007336	0.188442951	232.8055556
E12	94	pl.19	0.175575389	274.1468918	0.19424624	264.7119741
E12	95	pl.2	0.282365825	186.8346064	0.259946084	192.5997273
E12	96	pl.20	0.177409685	265.6358046	0.190407266	262.1484899
E12	97	pl.21	0.070182504	375.3512679	0.073246781	372.09375
E12	98	pl.22	0.137267121	260.6944779	0.124312689	280.1177326
E12	99	pl.23	0.015765018	1336.166826	0.063770228	379.7532468
E12	100	pl.24	0.121430486	295.8494956	0.116742839	308.8968023
E12	101	pl.25	0.309076506	236.6374652	0.335933687	225.6029412
E12	102	pl.26	0.188816763	185.3813642	0.171346294	194.0117801
E12	103	pl.27	0.077714255	253.4822682	0.065866954	293.5873016
E12	104	pl.28	0.238900805	250.510698	0.235195438	254.2328042
E12	105	pl.29	0.252438046	222.2512213	0.230211637	228.4743202
E12	106	pl.3	0.223172189	225.738946	0.200107232	236.4468641
E12	107	pl.30	0.215443482	193.7704275	0.198572724	203.8867347
E12	108	pl.31	0.145579243	268.7160008	0.127706406	293.75
E12	109	pl.32	0.163818126	259.5377932	0.168887855	258.0813253
E12	110	pl.33	0.176992041	269.4476808	0.173737652	277.0008993
E12	111	pl.34	0.131866397	264.6489038	0.150883755	247.1724138
E12	112	pl.35	0.120899885	206.9676555	0.129791924	198.1557692
E12	113	pl.36	0.120288672	294.5382603	0.128427387	288.1303763
E12	114	pl.37	0.17749823	263.0880828	0.201039927	249.757377
E12	115	pl.38	0.141107269	266.1463391	0.149313293	259.6297619
E12	116	pl.39	0.120858349	236.3188766	0.12588158	230.0277778
E12	117	pl.4	0.231075432	233.1755255	0.218956967	238.6530769
E12	118	pl.41	0.131360762	284.1068774	0.1321313	289.2628205
E12	119	pl.43	0.283125269	200.5580682	0.282074767	202.1682432
E12	120	pl.44	0.21417961	253.0687164	0.201531526	261.7258927
E12	121	pl.45	0.230387738	241.1642743	0.23466191	241.4413408
E12	122	pl.46	0.17226932	262.7593012	0.179903438	261.1781818
E12	123	pl.47	0.174480508	255.4458923	0.164124728	264.3683673
E12	124	pl.48	0.150679034	246.3698433	0.140185004	259.1950262
E12	125	pl.49	0.229665629	245.5242036	0.175951119	280.0314685
E12	126	pl.5	0.197771127	215.570947	0.187703206	219.6897959
E12	127	pl.50	0.228680103	200.5457311	0.198732469	211.9852941
E12	128	pl.51	0.106035936	313.8154099	0.093093988	346.5690299
E12	129	pl.52	0.203624016	262.6079961	0.203681322	266.4924471
E12	130	pl.53	0.223360869	255.1886214	0.22299951	258.4027778
E12	131	pl.54	0.075021553	369.9049589	0.113368582	263.3142857
E12	132	pl.55	0.182174341	270.3020482	0.182280571	273.3412969
E12	133	pl.56	0.104343974	298.3534117	0.09179573	333.531746
E12	134	pl.57	0.247209458	240.6146617	0.239622772	245.325067
E12	135	pl.58	0.23555759	252.7151524	0.216505219	263.644774
E12	136	pl.59	0.182216315	245.3259259	0.15721505	266.1734914
E12	137	pl.6	0.249759454	243.910308	0.236349704	249.3967828
E12	138	pl.60	0.181341858	253.9508063	0.201582069	244.8033333
E12	139	pl.61	0.151166084	282.5915444	0.157569976	280.1795918
E12	140	pl.62	0.156347496	273.9385408	0.145766026	286.8850446
E12	141	pl.63	0.232191739	232.4278371	0.227296477	234.8664179
E12	142	pl.64	0.135111401	294.0422854	0.14441684	287.0400776
E12	143	pl.65	0.191003471	237.6939213	0.183368806	243.3802281
E12	144	pl.66	0.206149386	238.6716771	0.132560927	315.8878505
E12	145	pl.67	0.116934229	304.0073439	0.109973457	321.7239264
E12	146	pl.68	0.086041542	348.2093426	0.083272035	364.4636752
E12	147	pl.69	0.114761027	284.2968243	0.072129461	398.0025
E12	148	pl.7	0.104299611	312.2411118	0.097338572	334.102518
E12	149	pl.70	0.13321891	278.6428067	0.148643745	263.8313679
E12	150	pl.71	0.193531881	258.6489403	0.198354158	258.3516129
E12	151	pl.72	0.172213683	232.4360428	0.158936416	242.8476744
E12	152	pl.73	0.175786788	263.6984182	0.166348329	274.2171815
E12	154	pl.75	0.198885823	247.7722013	0.192914095	252.4392123
E12	155	pl.76	0.18839354	253.7366766	0.175651997	263.0233209
E12	156	pl.78	0.165738011	273.2479448	0.169131575	273.0767045
E12	157	pl.79	0.200781086	244.5633383	0.186648754	255.6925795
E12	158	pl.8	0.187724087	244.3927	0.286784832	208.8046272
E12	160	pl.81	0.24063135	237.4157408	0.214806659	247.1936955
E12	161	pl.82	0.172963952	217.6822895	0.1704165	219.0292056
E12	162	pl.83	0.151390207	263.7410185	0.14809274	269.0244186
E12	163	pl.85	0.093047758	292.9758571	0.085925128	310.2880952
E12	164	pl.86	0.191742891	269.2456015	0.196434992	270.1125
E12	165	pl.87	0.178733495	262.5240871	0.187361806	259.7785467
E12	166	pl.88	0.131501672	297.3080777	0.136544852	296.4297619
E12	167	pl.89	0.169905919	241.6704619	0.161561915	251.5800439
E12	168	pl.9	0.239694863	240.2476597	0.231823451	245.7075209
E12	169	pl.90	0.155252467	277.5468011	0.154690865	280.6736402
E12	170	pl.91	0.172668152	236.3526641	0.161897662	247.5377778
E12	171	pl.92	0.265499906	235.8898356	0.235582921	247.0169837
E12	172	pl.93	0.178066666	260.0921109	0.176122364	263.0334572
E12	173	pl.94	0.082049802	362.9816535	0.102537239	318.0277778
E12	174	pl.95	0.055666213	466.5472087	0.057414558	469.0664557
E12	175	pl.96	0.181726562	260.2382456	0.180750036	264.2285714
E12	176	pl.97	0.122574173	290.7694554	0.111571776	312.5
E12	177	pl.98	0.085840704	350.6828715	0.079084332	380.734375
E12	178	pl.99	0.210883779	252.9231471	0.208141679	258.3757576
E12	179	SO76557	0.188810283	244.7639977	0.196287683	240.5249805
